106
107
108
109
110
111
150
164
170
178
179
180
181
182
183
184
217
218
219
220
221
244
349
405
406
715
771
772
856
878
921
941
964
965
971
974
975
986
1102
1103
1140
1143
1231
1324
1346
1509
1568
1569
1677
1704
1716
1717
1743
2493
2494
2495
2736
2839
2841
2845
2910
2911
2984
3006
3049
3383
3386
3396
3427
3519
3635
3968
4130
4165
4166
4167
4250
4372
4490
4520
4693
4724
4774
5023
5055
5057
5091
5095
5110
5150
5151
5159
5198
5297
5418
5550
5631
5632
5633
5655
5656
5692
5743
5745
5746
5748
5750
5751
5753
5755
5757
5759
5812
5813
5814
5815
5817
5818
5821
5829
5830
5831
5833
5834
5835
5836
5837
5838
5839
5840
5844
5845
5846
5853
5859
5893
5896
5897
5898
5899
5900
5901
5902
5903
5904
5905
5907
5909
5912
5913
5915
5916
5917
5918
5919
5921
5922
5923
5924
5926
5927
5928
5929
5930
5931
5932
5933
5934
5935
5988
5989
5993
5994
5995
6019
6020
6021
6022
6023
6024
6025
6026
6027
6028
6033
6040
6041
6044
6050
6051
6052
6053
6054
6059
6060
6067
6068
6069
6070
6143
6144
6145
6146
6147
6148
6149
6150
6151
6152
6153
6155
6156
6157
6158
6159
6160
6161
6162
6163
6164
6206
6208
6209
6210
6211
6213
6226
6227
6228
6229
6234
6235
6236
6237
6238
6239
6240
6241
6242
6243
6244
6245
6246
6247
6248
6249
6250
6251
6290
6404
6406
6407
6408
6409
6410
6411
6415
6416
6418
6419
6457
6458
6540
6558
6633
6634
6635
6636
6637
6638
6639
6640
6641
6642
6643
6644
6645
6646
6647
6648
6649
6650
6651
6652
6653
6654
6655
6656
6657
6658
6659
6660
6661
6662
6663
6664
6665
6666
6667
6668
6669
6670
6715
6716
6717
6718
6719
6720
6721
6722
6723
6732
6754
6756
6786
6787
6805
6873
6874
6932
6971
6993
7037
7094
7186
7223
7279
7280
7304
7305
7400
7440
7480
7543
7557
7561
7565
7566
7567
7568
7569
7570
7571
7572
7573
7590
7591
7592
7593
7595
7620
7643
7646
7667
7674
7675
7758
8011
8195
8204
8243
8244
8251
8252
8253
8264
8346
8347
8363
8364
8412
8487
8491
8557
8583
8606
8727
8738
8768
8769
8770
8790
8904
9041
9046
9080
9111
9112
9186
9189
9325
9326
9358
9394
9462
9463
9466
9473
9489
9517
9714
9759
10118
10127
10128
11238
11617
11618
11619
11620
11765
12106
12138
12220
12298
12354
12355
12375
12376
12462
12522
12523
12524
12527
12528
12529
12530
12533
12658
12659
12726
12727
12986
13153
13187
13232
13234
13252
13407
13557
13649
13650
13688
13782
13947
13990
13993
14009
14015
14151
14164
14171
14190
14277
14424
14687
14688
14707
14851
14887
14956
14957
14958
14959
15044
15205
15294
15314
15356
15400
15418
15449
15481
15482
15483
15484
15527
15533
15534
15535
15536
15537
15538
15539
15547
15548
15549
15550
15551
15552
15553
15554
15555
15557
15562
15563
15564
15565
15566
15567
15568
15569
15586
15589
15590
15594
15595
15607
15640
15671
15672
15673
15676
15766
15767
15768
15770
15781
15837
15838
15839
15840
15841
15842
15843
15844
15845
15846
15847
15848
15888
15889
15890
15891
15892
15894
15895
15896
15897
15898
15899
15900
15903
15904
15905
15906
15907
15908
15909
15912
15913
15916
15917
15918
15936
15937
15993
16002
16003
16012
16013
16018
16019
16030
16059
16067
16068
16074
16075
16076
16077
16078
16079
16083
16085
16106
16143
16153
16155
16157
16158
16159
16160
16178
16205
16240
16241
16245
16278
16279
16308
16309
16338
16381
16382
16383
16384
16386
16469
16470
16480
16500
16501
16507
16510
16516
16520
16523
16536
16545
16547
16549
16571
16572
16602
16654
16802
16803
16804
16815
16816
16842
16885
16922
16923
16969
16970
17017
17018
17019
17020
17021
17022
17023
17063
17097
17098
17099
17142
17143
17294
17307
17354
17400
17405
17490
17511
17513
17516
17526
17569
17576
17579
17616
17617
17624
17689
17691
